0 0.590263 0.145159 0.153319 0.291607
2 0.658935 0.036573 0.021988 0.071910
3 0.567806 0.193749 0.161933 0.388210
2 0.587000 0.197036 0.117740 0.273061
0 0.908976 0.076461 0.188252 0.148618
2 0.382444 0.144700 0.187363 0.208433
2 0.583575 0.134523 0.040366 0.023466
0 0.904286 0.231693 0.186472 0.464852
0 0.378301 0.127827 0.195067 0.250537
2 0.582339 0.152235 0.037261 0.031258
2 0.640374 0.163673 0.025918 0.032340
0 0.048001 0.151243 0.095688 0.295097
2 0.592930 0.177607 0.081524 0.057631
2 0.359527 0.217024 0.080299 0.076750
3 0.390532 0.285064 0.133046 0.346466
2 0.587777 0.172452 0.083385 0.074723
0 0.051001 0.188406 0.099376 0.373184
4 0.609436 0.260396 0.028885 0.021928
4 0.352351 0.266099 0.012847 0.066293
3 0.357089 0.503078 0.230120 1.000482
3 0.478248 0.502001 0.448364 1.004237
0 0.073237 0.513231 0.144143 0.423160
3 0.572384 0.499692 0.316099 1.007389
0 0.899444 0.722464 0.198591 0.552079
0 0.058062 0.636380 0.113132 0.212896
0 0.071623 0.589888 0.140922 0.592060
0 0.146625 0.891313 0.071800 0.134353
0 0.086362 0.939848 0.172151 0.116486
