0 0.308148 0.187114 0.146095 0.184983
0 0.262994 0.188991 0.244559 0.191801
3 0.079615 0.193514 0.156819 0.384516
2 0.202438 0.201650 0.085398 0.081357
2 0.203508 0.196449 0.157032 0.192935
0 0.262409 0.305321 0.273305 0.422353
2 0.201218 0.251254 0.083885 0.127216
2 0.216702 0.246461 0.021969 0.029118
2 0.198491 0.261170 0.068578 0.070004
2 0.202471 0.254520 0.063534 0.059481
4 0.209861 0.281887 0.040897 0.036258
2 0.324481 0.286015 0.026967 0.018550
3 0.637756 0.322481 0.077246 0.074904
2 0.927563 0.314938 0.046164 0.054761
1 0.949846 0.341541 0.050791 0.080269
2 0.927242 0.335690 0.029985 0.014511
3 0.647945 0.378922 0.123180 0.198296
3 0.932856 0.378534 0.092580 0.193220
4 0.956440 0.527258 0.051512 0.081887
0 0.737996 0.630829 0.073607 0.102102
0 0.746738 0.644586 0.057771 0.075394
0 0.748696 0.643928 0.058597 0.075866
0 0.403945 0.735773 0.047627 0.033044
