2 0.317281 0.125634 0.385478 0.236837
4 0.332891 0.239311 0.230885 0.174746
2 0.400317 0.197761 0.030213 0.017978
2 0.269329 0.218783 0.058916 0.016002
2 0.382713 0.209647 0.051900 0.021826
2 0.330714 0.236825 0.169263 0.048023
4 0.336529 0.260234 0.021040 0.015924
2 0.403302 0.247697 0.044157 0.021302
0 0.581331 0.295782 0.312274 0.266933
0 0.918149 0.290258 0.067664 0.033978
0 0.866687 0.295238 0.053286 0.040957
0 0.919143 0.291604 0.073228 0.037927
0 0.918673 0.340459 0.158536 0.139176
0 0.937316 0.300146 0.117892 0.055380
0 0.942386 0.337714 0.117595 0.132030
