3 0.520268 0.073817 0.314357 0.120452
3 0.520842 0.086191 0.308825 0.150398
3 0.664234 0.074489 0.025174 0.021502
2 0.495426 0.101600 0.035984 0.024584
2 0.534536 0.116122 0.209104 0.095759
2 0.540041 0.086368 0.187466 0.057249
2 0.498073 0.113256 0.051932 0.009805
2 0.505889 0.111742 0.051276 0.008963
2 0.592537 0.115256 0.046147 0.011270
3 0.515841 0.153105 0.432331 0.105480
2 0.500961 0.123208 0.047667 0.018681
2 0.542948 0.123274 0.137719 0.020354
2 0.591567 0.122422 0.042350 0.017511
3 0.517065 0.109799 0.431092 0.194748
4 0.544764 0.141976 0.024762 0.005838
3 0.358884 0.157937 0.112012 0.094634
3 0.531194 0.343525 0.859608 0.662726
