4 0.748688 0.141078 0.103763 0.110958
2 0.643336 0.224939 0.123966 0.166914
3 0.644325 0.230508 0.147350 0.212710
3 0.636282 0.319753 0.180848 0.397169
2 0.631197 0.300977 0.025932 0.028668
3 0.596736 0.263502 0.151640 0.277273
2 0.611843 0.337982 0.090689 0.095278
4 0.535990 0.327476 0.041646 0.034632
2 0.601522 0.322354 0.098900 0.061386
2 0.594777 0.333150 0.028267 0.024142
2 0.617658 0.329913 0.016722 0.019533
2 0.627779 0.323738 0.061022 0.037107
2 0.626115 0.324796 0.066458 0.036947
4 0.700079 0.305657 0.042811 0.071447
2 0.589083 0.338397 0.134377 0.027560
2 0.610365 0.336119 0.059538 0.027296
2 0.618972 0.338759 0.067510 0.032858
2 0.640737 0.344166 0.026761 0.015155
2 0.644955 0.342151 0.020534 0.016318
3 0.638589 0.405118 0.174505 0.190267
4 0.617745 0.349657 0.022130 0.021095
2 0.641513 0.354495 0.015421 0.008488
2 0.604437 0.356808 0.067471 0.057047
1 0.715186 0.328367 0.337430 0.425940
2 0.603230 0.467927 0.093771 0.078917
3 0.675284 0.325617 0.263895 0.406565
3 0.600691 0.522725 0.267993 0.092324
3 0.606816 0.539753 0.091864 0.069450
4 0.839792 0.580427 0.023178 0.019640
4 0.756832 0.596371 0.177313 0.059132
4 0.839792 0.583355 0.023889 0.020669
6 0.715742 0.731564 0.269224 0.310491
