0 0.488548 0.099958 0.356715 0.118481
2 0.482352 0.139914 0.215566 0.067786
2 0.487685 0.163096 0.169736 0.104629
2 0.467213 0.134609 0.012738 0.034264
2 0.531757 0.146523 0.033284 0.019892
2 0.464708 0.163700 0.041839 0.019093
2 0.467563 0.157629 0.038106 0.010656
2 0.495601 0.162536 0.115478 0.022031
2 0.536437 0.162182 0.036498 0.018869
4 0.539384 0.176331 0.035760 0.021479
2 0.497122 0.179575 0.139602 0.052691
4 0.497483 0.190996 0.097185 0.023475
1 0.451784 0.408595 0.610826 0.235124
1 0.623494 0.480950 0.208464 0.178391
