0 0.410159 0.074926 0.472593 0.146649
3 0.406467 0.124549 0.292586 0.083240
2 0.366038 0.105810 0.011954 0.036059
2 0.407670 0.124881 0.135011 0.063612
2 0.454974 0.111575 0.045105 0.048938
2 0.360789 0.130654 0.037760 0.009041
2 0.376472 0.134183 0.055293 0.010139
3 0.407463 0.144088 0.205049 0.114713
2 0.429721 0.113851 0.019091 0.047644
2 0.455497 0.131253 0.046361 0.008831
2 0.431873 0.137018 0.023307 0.006890
2 0.458028 0.143714 0.050260 0.024253
2 0.362315 0.143717 0.052940 0.025412
2 0.410435 0.145763 0.147747 0.025544
4 0.410190 0.166060 0.016870 0.006607
4 0.459674 0.156879 0.039939 0.012942
4 0.465458 0.158098 0.025094 0.008065
4 0.409397 0.166607 0.017446 0.006153
4 0.547976 0.181701 0.040570 0.032082
1 0.427317 0.265975 0.812152 0.448432
0 0.437237 0.406422 0.884908 0.859426
