2 0.452265 0.164108 0.116496 0.142422
2 0.457000 0.168110 0.021560 0.046120
2 0.454864 0.175311 0.126025 0.161938
2 0.476326 0.162092 0.065738 0.055427
2 0.502958 0.180601 0.016852 0.014875
2 0.459694 0.177521 0.028063 0.039981
2 0.473340 0.197677 0.075390 0.098141
2 0.498776 0.185594 0.015619 0.016597
2 0.504096 0.188282 0.021609 0.022774
2 0.572612 0.192413 0.059065 0.034713
4 0.545446 0.180560 0.026098 0.018704
2 0.463401 0.198859 0.024514 0.012138
2 0.472658 0.198506 0.045238 0.039121
2 0.440386 0.222739 0.021786 0.020464
2 0.468025 0.207776 0.022953 0.021575
2 0.478317 0.208684 0.058380 0.061146
4 0.497336 0.223865 0.034689 0.025815
6 0.293016 0.308031 0.412319 0.447027
4 0.493332 0.224863 0.035186 0.022673
0 0.424608 0.309423 0.082593 0.167998
3 0.453994 0.356418 0.168998 0.219090
3 0.452219 0.389022 0.255222 0.314342
1 0.400230 0.366254 0.332913 0.548576
4 0.343957 0.534035 0.214619 0.082837
