0 0.564764 0.124830 0.319275 0.139293
0 0.563949 0.128527 0.327902 0.147073
0 0.570529 0.160342 0.361209 0.204400
0 0.492317 0.321456 0.860485 0.524251
0 0.567320 0.216019 0.348152 0.088454
2 0.578515 0.226996 0.127185 0.041392
2 0.571556 0.233071 0.183223 0.059114
0 0.568413 0.223779 0.335444 0.073143
2 0.556086 0.226668 0.011784 0.035666
2 0.571020 0.252282 0.156307 0.094467
2 0.552350 0.245604 0.034737 0.009440
2 0.557862 0.247948 0.034204 0.009640
2 0.607907 0.248598 0.034213 0.011981
2 0.618297 0.245920 0.025726 0.010796
1 0.493298 0.384568 0.893884 0.294708
2 0.573202 0.251528 0.105044 0.029901
2 0.550211 0.254078 0.034000 0.016914
2 0.577358 0.255419 0.095753 0.024932
2 0.611426 0.255239 0.030641 0.016716
2 0.631012 0.259703 0.017495 0.014527
4 0.124969 0.286853 0.153583 0.087007
2 0.573630 0.279471 0.098858 0.033510
1 0.629709 0.384917 0.523867 0.299885
1 0.571185 0.399732 0.478422 0.317984
1 0.559749 0.413016 0.353642 0.240134
0 0.516866 0.368934 0.803104 0.383696
1 0.772766 0.373649 0.304855 0.288226
1 0.500166 0.469813 0.869734 0.823077
0 0.059266 0.719513 0.115692 0.112697
