3 0.359372 0.166284 0.162118 0.134993
4 0.349388 0.167160 0.107106 0.071588
2 0.371732 0.169246 0.041722 0.014398
2 0.364538 0.166386 0.073272 0.029770
3 0.359974 0.223371 0.455577 0.348318
2 0.371519 0.177986 0.041467 0.014470
2 0.373967 0.175481 0.018969 0.009162
2 0.383570 0.176610 0.025653 0.009234
2 0.394873 0.178635 0.010692 0.008381
2 0.364587 0.193735 0.090557 0.076239
2 0.405401 0.188076 0.010535 0.025024
4 0.414552 0.196412 0.014603 0.021650
4 0.371536 0.210804 0.054338 0.027399
4 0.367984 0.202938 0.085434 0.055297
3 0.355963 0.248056 0.414947 0.322356
3 0.766178 0.350342 0.258890 0.183991
2 0.537721 0.409354 0.074848 0.108312
3 0.580559 0.427797 0.116979 0.117989
0 0.662999 0.446180 0.099136 0.110775
2 0.590709 0.418160 0.080332 0.080168
2 0.570266 0.435804 0.103051 0.125583
0 0.682077 0.442565 0.090776 0.090831
2 0.572067 0.427700 0.140279 0.118042
3 0.591420 0.453223 0.131710 0.154205
4 0.573784 0.463489 0.082608 0.074768
2 0.605231 0.467894 0.040568 0.034737
4 0.569696 0.487323 0.057216 0.023118
2 0.580866 0.522596 0.054514 0.031257
4 0.143131 0.592341 0.174117 0.174626
3 0.654490 0.569143 0.133300 0.111600
4 0.378008 0.593194 0.082615 0.057678
4 0.691125 0.591741 0.184372 0.130971
4 0.777653 0.616888 0.031096 0.026798
3 0.733583 0.696905 0.248300 0.269966
3 0.798300 0.719257 0.399589 0.374626
