4 0.284264 0.049972 0.246630 0.067099
2 0.296539 0.149526 0.327705 0.084471
0 0.351521 0.138999 0.575869 0.259563
4 0.287080 0.200306 0.379374 0.176419
2 0.355965 0.164967 0.080255 0.014674
4 0.205683 0.181526 0.142991 0.024806
2 0.270424 0.189654 0.312071 0.053836
2 0.335396 0.171540 0.108512 0.019576
4 0.197486 0.204261 0.164170 0.062423
4 0.266609 0.222908 0.342410 0.055911
4 0.154708 0.230893 0.117147 0.039607
0 0.491789 0.256513 0.868205 0.496108
0 0.496850 0.366733 0.859464 0.270966
6 0.511074 0.503423 0.951078 0.987537
