3 0.470336 0.108111 0.289053 0.177038
1 0.550037 0.330600 0.751762 0.623434
2 0.481934 0.139090 0.151075 0.081502
4 0.479805 0.173548 0.164277 0.133421
2 0.461059 0.166707 0.031750 0.010590
2 0.537606 0.155834 0.038679 0.057321
0 0.369888 0.261726 0.375113 0.203775
2 0.459600 0.182734 0.053776 0.029046
2 0.482563 0.190800 0.142797 0.071603
2 0.533215 0.187022 0.038209 0.028511
0 0.298292 0.259078 0.227774 0.203267
3 0.360987 0.252054 0.190279 0.132095
1 0.541117 0.381554 0.724979 0.423417
1 0.453492 0.595601 0.861714 0.342315
1 0.586316 0.498991 0.643346 0.181140
1 0.472239 0.474215 0.887267 0.572357
1 0.731740 0.510315 0.348225 0.158187
1 0.481255 0.496553 0.903201 0.960190
3 0.188275 0.618535 0.316761 0.303375
4 0.752685 0.814771 0.108293 0.058697
4 0.276591 0.901545 0.091681 0.074281
