2 0.525563 0.110968 0.515120 0.156455
2 0.400553 0.096496 0.252698 0.123126
4 0.456814 0.111945 0.109428 0.074126
2 0.699457 0.106686 0.178265 0.110647
0 0.531759 0.122735 0.528537 0.175867
2 0.533462 0.180000 0.185648 0.048706
0 0.535538 0.166988 0.535103 0.263271
1 0.481772 0.165322 0.378937 0.247637
2 0.528813 0.183360 0.139172 0.034584
2 0.488939 0.199201 0.038031 0.010410
3 0.528102 0.209385 0.164298 0.088319
2 0.554049 0.200977 0.036910 0.011859
2 0.489212 0.207925 0.036124 0.017244
2 0.526779 0.209881 0.098616 0.021694
2 0.559558 0.208544 0.034329 0.016308
4 0.522724 0.227549 0.014667 0.006805
1 0.551100 0.323819 0.816852 0.563921
6 0.524453 0.409271 0.271922 0.190650
