1 0.505285 0.360888 0.699489 0.667405
1 0.636649 0.201897 0.390889 0.392170
0 0.293634 0.441629 0.256343 0.493535
2 0.490838 0.424359 0.024860 0.027521
2 0.511718 0.424106 0.073039 0.043084
2 0.534391 0.426632 0.026555 0.032683
1 0.574087 0.546622 0.871406 0.697094
1 0.504029 0.495472 0.981187 0.972578
1 0.568796 0.449209 0.859315 0.894593
6 0.407205 0.624428 0.801438 0.751609
4 0.490990 0.692211 0.045872 0.047276
0 0.036104 0.742260 0.062586 0.172391
4 0.500585 0.695083 0.015922 0.013981
0 0.113219 0.907347 0.049528 0.039282
0 0.114096 0.918140 0.055502 0.061836
6 0.351111 0.959675 0.142127 0.081679
