6 0.506857 0.144138 0.044546 0.023304
2 0.565169 0.347502 0.165329 0.141447
2 0.720380 0.360553 0.055024 0.133663
3 0.486841 0.464383 0.567833 0.391633
2 0.540433 0.382355 0.057636 0.059174
2 0.569218 0.407439 0.113337 0.106031
0 0.317708 0.409496 0.188097 0.271782
2 0.596171 0.441627 0.044935 0.039118
2 0.618848 0.449449 0.030651 0.029008
2 0.577432 0.459285 0.375864 0.367490
2 0.667311 0.464835 0.027210 0.026863
2 0.716321 0.464049 0.067089 0.026942
2 0.667925 0.467098 0.031294 0.026655
0 0.280257 0.489883 0.409313 0.433640
4 0.637759 0.511594 0.034145 0.040861
4 0.615587 0.520910 0.017826 0.011624
4 0.627886 0.510285 0.045470 0.047110
4 0.637708 0.513818 0.033574 0.040199
1 0.444072 0.532126 0.749715 0.512410
2 0.134146 0.548261 0.109759 0.076387
4 0.694145 0.547708 0.065495 0.024484
1 0.608992 0.700009 0.348687 0.143310
1 0.446840 0.622239 0.743448 0.295884
6 0.482527 0.618850 0.766807 0.695588
