2 0.333567 0.186243 0.214636 0.158039
0 0.498053 0.233986 0.161407 0.152366
2 0.362119 0.238703 0.026194 0.018598
2 0.295255 0.250888 0.022907 0.012176
4 0.338181 0.251861 0.124460 0.126174
2 0.335368 0.251802 0.092655 0.054579
2 0.359235 0.244492 0.035653 0.026901
4 0.140905 0.272227 0.034781 0.048026
2 0.358033 0.245144 0.041495 0.027859
2 0.363964 0.254203 0.035248 0.025777
2 0.337265 0.262394 0.093228 0.037484
2 0.305021 0.265099 0.031440 0.023648
4 0.332828 0.275417 0.015967 0.019253
4 0.342203 0.271579 0.036215 0.031044
4 0.367448 0.267429 0.025328 0.012911
4 0.345868 0.288356 0.080737 0.031716
0 0.702278 0.248989 0.253173 0.173609
0 0.493386 0.331067 0.272010 0.340147
0 0.477083 0.365837 0.228488 0.280003
