3 0.598132 0.196862 0.273526 0.198944
2 0.621746 0.267053 0.025029 0.023418
3 0.587704 0.319544 0.360162 0.448088
2 0.600293 0.305065 0.143162 0.081563
2 0.608743 0.277313 0.022950 0.020508
3 0.563650 0.339873 0.611267 0.487224
2 0.565171 0.290737 0.035523 0.017160
2 0.588876 0.298580 0.037058 0.017601
2 0.642739 0.303328 0.041196 0.017940
2 0.579246 0.298004 0.036420 0.020052
2 0.606048 0.302040 0.102775 0.031459
2 0.637927 0.305629 0.031424 0.016235
2 0.657879 0.305057 0.028648 0.021492
2 0.588676 0.322495 0.108803 0.038907
6 0.559186 0.427292 0.659674 0.690415
