0 0.806630 0.075342 0.213724 0.115491
2 0.804017 0.142962 0.166164 0.107602
2 0.803582 0.118540 0.224670 0.195602
2 0.478244 0.131478 0.077427 0.141695
2 0.495683 0.164706 0.129920 0.115576
2 0.803656 0.151255 0.196795 0.138510
2 0.803889 0.143706 0.217538 0.242364
2 0.806729 0.140977 0.115368 0.092118
3 0.478173 0.206437 0.240140 0.285246
2 0.515496 0.166706 0.085736 0.099154
0 0.791701 0.312909 0.410730 0.431918
2 0.471574 0.161155 0.082344 0.110434
2 0.480785 0.165518 0.062765 0.065693
2 0.506603 0.169982 0.137185 0.136985
2 0.533916 0.164843 0.089823 0.122777
2 0.761301 0.165661 0.025623 0.015876
2 0.773682 0.170492 0.026741 0.029358
2 0.799633 0.182034 0.125358 0.146999
2 0.831596 0.173823 0.021138 0.019677
2 0.843978 0.166908 0.020099 0.015711
2 0.486893 0.171759 0.060092 0.053891
2 0.504029 0.200079 0.085203 0.098412
2 0.508504 0.162099 0.090097 0.081941
2 0.766397 0.184811 0.034529 0.027231
2 0.768081 0.171415 0.037705 0.020434
2 0.798593 0.177718 0.095268 0.032242
2 0.816768 0.180561 0.019118 0.010665
2 0.829875 0.173095 0.031875 0.012796
2 0.796169 0.187380 0.101980 0.032846
2 0.470979 0.190127 0.021296 0.012920
2 0.481560 0.197927 0.021036 0.012611
2 0.515907 0.200262 0.025358 0.017404
2 0.521779 0.193373 0.017607 0.009854
2 0.765508 0.186333 0.034282 0.028188
4 0.797462 0.196390 0.020974 0.028965
2 0.830572 0.188963 0.034204 0.027150
2 0.473881 0.203178 0.064858 0.033308
2 0.474448 0.203179 0.024735 0.020012
4 0.497426 0.208917 0.013038 0.024437
2 0.520532 0.204161 0.024872 0.020972
0 0.593746 0.240411 0.097133 0.121915
2 0.797624 0.177346 0.092705 0.033353
4 0.797346 0.196146 0.015255 0.028142
2 0.797012 0.188357 0.100610 0.035639
2 0.838315 0.204323 0.024688 0.009899
6 0.828914 0.278999 0.318189 0.517942
4 0.355166 0.203429 0.099686 0.101956
2 0.507158 0.207510 0.042797 0.023848
4 0.496335 0.229828 0.050736 0.021927
2 0.499021 0.225532 0.064478 0.047705
1 0.627604 0.319012 0.264903 0.445061
1 0.498779 0.346598 0.478402 0.585983
1 0.753588 0.291427 0.484148 0.551945
1 0.521706 0.403996 0.148205 0.170034
1 0.517972 0.406617 0.246856 0.201011
1 0.682487 0.358833 0.321289 0.367718
1 0.765837 0.336488 0.288984 0.392839
1 0.641396 0.346574 0.251430 0.352555
1 0.764396 0.457167 0.173416 0.191654
4 0.727484 0.506536 0.063131 0.062001
4 0.858949 0.574820 0.200529 0.137963
1 0.663554 0.665996 0.192379 0.268053
1 0.879019 0.660796 0.251713 0.309922
2 0.554980 0.669238 0.023056 0.008128
2 0.576332 0.717511 0.025034 0.008021
4 0.585941 0.711768 0.104839 0.232222
1 0.640229 0.756912 0.252754 0.488047
6 0.879327 0.751445 0.022470 0.025300
2 0.593285 0.772584 0.026470 0.009765
4 0.598571 0.793522 0.032919 0.042522
6 0.877009 0.852286 0.035769 0.011340
