0 0.439319 0.122072 0.259648 0.220450
2 0.430587 0.195014 0.174696 0.097227
2 0.368618 0.213159 0.035538 0.019925
2 0.372660 0.216359 0.039916 0.023253
2 0.443621 0.219883 0.041496 0.020164
2 0.424816 0.243773 0.150455 0.058651
4 0.423143 0.268798 0.172976 0.073708
4 0.393779 0.266659 0.074002 0.062046
4 0.458146 0.272958 0.088735 0.050258
0 0.529021 0.348728 0.380641 0.254603
1 0.504518 0.423433 0.964083 0.430451
0 0.037789 0.601319 0.075733 0.075000
4 0.045318 0.619814 0.066738 0.020327
6 0.092208 0.761647 0.179542 0.406367
4 0.963662 0.686357 0.066782 0.087304
