2 0.525101 0.197129 0.155233 0.122764
6 0.775269 0.291684 0.435766 0.530922
2 0.500209 0.221943 0.017336 0.019467
3 0.523367 0.217819 0.157915 0.165613
2 0.508090 0.239704 0.028783 0.028458
2 0.520127 0.245083 0.037891 0.022218
2 0.528742 0.249678 0.109285 0.092989
2 0.561918 0.235148 0.043685 0.029854
2 0.527591 0.241978 0.072376 0.032020
2 0.509423 0.244471 0.025406 0.021844
2 0.512864 0.241657 0.027441 0.023065
2 0.546788 0.253400 0.030295 0.014995
2 0.560287 0.250921 0.033672 0.017839
2 0.575644 0.249250 0.016892 0.016298
4 0.529557 0.267927 0.021062 0.013340
2 0.554845 0.251159 0.036056 0.025556
2 0.558509 0.255944 0.027251 0.017707
4 0.589205 0.252136 0.012894 0.011898
6 0.453047 0.337370 0.386822 0.417789
2 0.521490 0.273202 0.085238 0.040343
4 0.521062 0.278891 0.053238 0.021128
2 0.559716 0.265724 0.015075 0.012539
6 0.386270 0.292781 0.686186 0.577384
0 0.724147 0.542793 0.177660 0.102856
3 0.459015 0.567892 0.261939 0.098496
3 0.416326 0.493012 0.348876 0.286170
4 0.806521 0.597064 0.055768 0.033662
0 0.752908 0.616762 0.161462 0.086910
