0 0.470685 0.103573 0.367497 0.120675
2 0.468439 0.124011 0.222379 0.059381
2 0.447845 0.125755 0.011702 0.037345
2 0.470216 0.151252 0.163730 0.096985
2 0.514247 0.124307 0.038833 0.033848
2 0.443848 0.149108 0.037498 0.013457
2 0.450984 0.149564 0.041868 0.013394
2 0.506673 0.148534 0.040547 0.015758
2 0.443044 0.151717 0.040456 0.018029
2 0.478335 0.153403 0.117855 0.022524
4 0.480544 0.158900 0.021165 0.027676
2 0.518503 0.151411 0.038486 0.019548
4 0.474683 0.177335 0.089874 0.015801
1 0.499929 0.525744 0.941098 0.961578
