0 0.353229 0.228061 0.178526 0.419364
0 0.402685 0.224931 0.077784 0.414827
0 0.595911 0.238003 0.657311 0.432192
3 0.625093 0.270373 0.216075 0.235171
2 0.581924 0.294833 0.037970 0.034934
2 0.645258 0.309023 0.043529 0.021329
2 0.630284 0.313610 0.015706 0.015860
2 0.648141 0.338138 0.040576 0.020500
2 0.652615 0.350390 0.028592 0.014882
4 0.608316 0.358642 0.014233 0.013140
0 0.721168 0.306287 0.402760 0.295054
4 0.743183 0.387340 0.254674 0.077855
4 0.746620 0.387880 0.249310 0.076170
0 0.501890 0.566456 0.968260 0.886834
