2 0.560208 0.268980 0.085979 0.118867
3 0.565248 0.286523 0.156527 0.142523
2 0.560479 0.296475 0.103336 0.178373
2 0.529888 0.338353 0.067390 0.082831
2 0.537278 0.318689 0.052309 0.029865
4 0.549150 0.335477 0.073078 0.089865
2 0.558238 0.320347 0.053290 0.044790
2 0.528339 0.335779 0.052441 0.064512
2 0.535539 0.329681 0.023199 0.018754
2 0.546331 0.329385 0.046758 0.023160
2 0.562982 0.333178 0.047339 0.027757
2 0.528637 0.341633 0.030848 0.020643
4 0.552883 0.342711 0.018713 0.019255
2 0.573610 0.330471 0.023958 0.020444
2 0.544576 0.335339 0.050103 0.025662
6 0.617082 0.350465 0.183980 0.297266
6 0.357503 0.467395 0.382009 0.489530
4 0.136558 0.571782 0.255805 0.160459
4 0.362216 0.555652 0.364375 0.175921
4 0.091624 0.537583 0.170232 0.094243
5 0.283471 0.485803 0.551146 0.347638
3 0.647041 0.578052 0.130759 0.119889
4 0.209699 0.590264 0.112102 0.136387
5 0.274833 0.591276 0.531869 0.197925
4 0.381365 0.566534 0.163365 0.114876
3 0.658323 0.611265 0.184419 0.204857
3 0.804653 0.601576 0.224763 0.197609
6 0.281925 0.746921 0.540350 0.508322
4 0.420416 0.664797 0.088615 0.064933
6 0.759005 0.724602 0.483996 0.519860
3 0.338809 0.732137 0.352075 0.347381
6 0.683572 0.737010 0.318628 0.479418
3 0.774704 0.658032 0.440747 0.324347
