2 0.478337 0.058017 0.425656 0.105753
3 0.472339 0.243670 0.911852 0.468616
2 0.380344 0.102696 0.047648 0.012527
2 0.463248 0.078180 0.236847 0.054971
2 0.494734 0.103065 0.066498 0.016381
2 0.529258 0.100808 0.059254 0.017020
2 0.386895 0.107962 0.059380 0.020496
2 0.459917 0.108683 0.205337 0.026163
2 0.510609 0.108932 0.075817 0.021203
2 0.475854 0.108040 0.274413 0.075720
4 0.433675 0.125628 0.016682 0.010528
2 0.536618 0.120233 0.037531 0.010271
0 0.716630 0.200928 0.301551 0.183558
0 0.461860 0.209472 0.841558 0.194669
3 0.477668 0.329869 0.893673 0.436712
