1 0.531483 0.219884 0.576414 0.310976
0 0.546345 0.188282 0.216293 0.145157
3 0.474578 0.211709 0.315559 0.231403
2 0.458916 0.199388 0.276856 0.174731
2 0.435376 0.228365 0.113865 0.059480
2 0.391255 0.248848 0.032639 0.028871
2 0.434228 0.250708 0.083199 0.032273
2 0.435971 0.266666 0.140909 0.115798
2 0.409304 0.263169 0.024417 0.024681
2 0.429570 0.259456 0.109823 0.038570
6 0.544303 0.247536 0.596905 0.373386
0 0.397145 0.608649 0.100413 0.060047
2 0.242221 0.616795 0.125008 0.027313
2 0.393912 0.615770 0.076370 0.047329
2 0.391872 0.616386 0.047670 0.011724
2 0.392940 0.617607 0.044879 0.014315
2 0.396966 0.604102 0.077042 0.028968
4 0.390232 0.619131 0.043764 0.025227
0 0.233767 0.663163 0.253452 0.138123
0 0.268709 0.714066 0.318008 0.254960
4 0.152900 0.697204 0.028397 0.022281
3 0.178536 0.700176 0.116241 0.086534
4 0.164879 0.699065 0.065185 0.050188
3 0.197428 0.711656 0.156092 0.114443
