4 0.814172 0.050543 0.070371 0.051494
4 0.761892 0.133316 0.181628 0.217913
1 0.712190 0.253431 0.237229 0.458676
3 0.495550 0.190548 0.180311 0.133709
3 0.496082 0.216276 0.183123 0.190851
1 0.744832 0.141249 0.193160 0.236719
2 0.485781 0.253788 0.033538 0.016235
4 0.510603 0.261913 0.119702 0.092569
2 0.542817 0.254426 0.031433 0.019729
4 0.694635 0.223553 0.098056 0.076364
2 0.508479 0.260108 0.086287 0.037928
2 0.494318 0.260780 0.026638 0.016591
2 0.539651 0.259748 0.023633 0.015964
3 0.604240 0.315699 0.077659 0.130068
1 0.682790 0.325816 0.123977 0.273839
2 0.505084 0.271695 0.130981 0.064457
2 0.512680 0.259138 0.079930 0.021733
4 0.518921 0.275512 0.016246 0.020532
1 0.801520 0.287725 0.375689 0.523770
3 0.364829 0.347329 0.133313 0.210448
1 0.617864 0.258895 0.395484 0.492095
3 0.457521 0.355701 0.328323 0.230292
6 0.399425 0.381202 0.719187 0.539900
4 0.675185 0.396765 0.086754 0.145057
1 0.379099 0.695173 0.465213 0.330091
