4 0.886372 0.050623 0.106247 0.099032
2 0.409855 0.172432 0.170172 0.193760
3 0.522166 0.313432 0.572814 0.606895
4 0.771844 0.170932 0.282877 0.332733
2 0.454758 0.265729 0.170256 0.084085
4 0.507158 0.344389 0.264865 0.146224
2 0.567752 0.437173 0.491074 0.298574
4 0.108262 0.433175 0.203116 0.223390
2 0.428299 0.317936 0.855302 0.613102
2 0.445688 0.608356 0.381691 0.154262
4 0.445027 0.754650 0.330163 0.428467
3 0.428406 0.501736 0.853559 1.003690
4 0.435130 0.669435 0.052522 0.081190
4 0.435717 0.712418 0.069806 0.166467
4 0.441508 0.703352 0.180384 0.142908
4 0.442057 0.722135 0.178917 0.052975
4 0.440748 0.773624 0.053528 0.026321
3 0.476232 0.760937 0.726465 0.485822
