0 0.320271 0.094111 0.173610 0.189151
2 0.450591 0.261946 0.551836 0.415107
1 0.441266 0.496376 0.881407 0.981998
4 0.532212 0.506562 0.282309 0.381285
0 0.457627 0.360987 0.553192 0.608881
2 0.546164 0.401136 0.057490 0.031153
2 0.465742 0.415516 0.027344 0.026108
2 0.476768 0.415709 0.052007 0.036146
2 0.507972 0.444191 0.165634 0.109749
4 0.505802 0.464354 0.049136 0.076267
0 0.570694 0.478069 0.465080 0.335603
2 0.716468 0.504129 0.101836 0.039004
2 0.445580 0.540490 0.090304 0.151256
0 0.569336 0.568398 0.457746 0.502232
4 0.576066 0.587648 0.090396 0.089397
1 0.431999 0.531238 0.712677 0.937236
0 0.106880 0.735095 0.211788 0.516690
0 0.449097 0.653804 0.708935 0.709754
0 0.315314 0.928357 0.439428 0.142018
