2 0.422543 0.066893 0.134130 0.056661
3 0.152507 0.160471 0.304843 0.317837
3 0.442357 0.165995 0.453041 0.282418
3 0.442474 0.166144 0.446251 0.278359
2 0.533769 0.168627 0.058228 0.021282
2 0.076320 0.185225 0.132952 0.025593
2 0.108855 0.180161 0.107856 0.017415
2 0.361206 0.175264 0.081256 0.020001
2 0.365556 0.178146 0.079117 0.017997
2 0.519610 0.172477 0.080661 0.023994
2 0.413348 0.188142 0.033959 0.019580
4 0.471364 0.218855 0.022064 0.033333
3 0.116916 0.202942 0.228458 0.181228
3 0.204906 0.462945 0.400988 0.920890
3 0.500024 0.506626 0.996632 0.980347
3 0.499150 0.489149 1.001223 0.970956
3 0.502819 0.623498 1.011241 0.658838
