0 0.355134 0.045416 0.517898 0.086683
2 0.508648 0.043640 0.132058 0.020439
0 0.363243 0.074320 0.527538 0.143060
3 0.399075 0.094587 0.442295 0.101815
2 0.932719 0.067940 0.088448 0.034936
3 0.288505 0.076170 0.090980 0.036530
2 0.544355 0.082940 0.058588 0.016487
3 0.583404 0.076591 0.085326 0.041703
3 0.940130 0.075990 0.120234 0.074529
2 0.964259 0.087189 0.073799 0.021224
2 0.441377 0.087129 0.243823 0.029498
3 0.277846 0.106173 0.102905 0.066461
3 0.373771 0.075041 0.508395 0.141343
0 0.836521 0.131395 0.304978 0.193170
2 0.977661 0.121387 0.044986 0.022270
3 0.470224 0.135097 0.090437 0.027881
3 0.491475 0.133013 0.082069 0.033086
0 0.486258 0.216476 0.955811 0.302303
0 0.459231 0.247336 0.919232 0.204166
1 0.603001 0.410533 0.757917 0.737101
