3 0.667003 0.062950 0.131335 0.103082
3 0.155971 0.065602 0.123672 0.097864
3 0.862056 0.068782 0.132257 0.109841
3 0.490070 0.094646 0.125060 0.096647
3 0.116613 0.115486 0.218395 0.197223
3 0.671425 0.135601 0.194265 0.247054
2 0.880936 0.069790 0.025286 0.012877
3 0.342715 0.076588 0.181071 0.130710
3 0.884630 0.106047 0.192738 0.184757
3 0.489287 0.112789 0.136813 0.136146
3 0.331202 0.175893 0.069250 0.044370
0 0.402053 0.180895 0.059055 0.026310
3 0.142630 0.267738 0.139799 0.106989
3 0.512618 0.282913 0.110234 0.092079
3 0.139708 0.269846 0.150945 0.110026
3 0.674524 0.306399 0.153805 0.096709
3 0.329406 0.304979 0.093497 0.068982
3 0.314301 0.312843 0.114418 0.086865
3 0.515971 0.288673 0.127290 0.102798
3 0.658500 0.334567 0.202756 0.152331
3 0.101999 0.384709 0.132943 0.103881
2 0.098580 0.359760 0.133121 0.006767
2 0.110930 0.375237 0.033227 0.013513
3 0.103830 0.384029 0.141854 0.103734
3 0.872560 0.407032 0.143363 0.102291
3 0.486521 0.402000 0.133682 0.109269
2 0.866189 0.410890 0.072858 0.013005
2 0.689363 0.443384 0.071951 0.021441
6 0.691879 0.469673 0.170671 0.102106
0 0.205525 0.489757 0.273535 0.077270
2 0.478525 0.483049 0.129967 0.043097
6 0.201764 0.512481 0.275228 0.128147
0 0.476723 0.499844 0.195805 0.071754
4 0.206302 0.507549 0.074637 0.046710
0 0.481096 0.532902 0.228269 0.124688
5 0.849731 0.503471 0.115624 0.063767
4 0.401139 0.531840 0.074817 0.045494
2 0.481827 0.530808 0.124137 0.032351
4 0.829849 0.526664 0.087003 0.021612
5 0.867216 0.519709 0.162036 0.081369
4 0.817429 0.542538 0.052690 0.024100
4 0.489408 0.548333 0.136307 0.086111
4 0.503028 0.558271 0.081512 0.051353
0 0.723805 0.570345 0.133815 0.061443
4 0.853320 0.542454 0.078436 0.049240
4 0.500817 0.567822 0.048562 0.017384
4 0.506382 0.571268 0.075671 0.033290
4 0.721485 0.597610 0.075101 0.061748
6 0.869455 0.565635 0.178400 0.178442
6 0.470445 0.607371 0.313264 0.251767
2 0.723456 0.599010 0.049350 0.014397
6 0.722802 0.588358 0.145608 0.094291
4 0.722191 0.608487 0.066937 0.043475
4 0.721180 0.619469 0.057696 0.025294
4 0.721833 0.617307 0.051806 0.020957
2 0.187641 0.646146 0.058300 0.016459
4 0.187724 0.647599 0.080835 0.076212
0 0.651778 0.675287 0.110919 0.060978
2 0.626627 0.677454 0.065338 0.032312
6 0.190411 0.661888 0.182959 0.127700
6 0.651734 0.691585 0.123740 0.105962
0 0.805699 0.711122 0.193032 0.096836
0 0.475192 0.752311 0.153837 0.069584
0 0.771723 0.724749 0.126975 0.064157
0 0.178001 0.795231 0.228171 0.132738
2 0.475724 0.755247 0.104369 0.029082
0 0.177839 0.809310 0.216513 0.093018
0 0.474895 0.779247 0.136949 0.029983
6 0.472786 0.775866 0.155738 0.115271
0 0.664734 0.823556 0.180646 0.091660
6 0.840022 0.818507 0.259073 0.323601
0 0.176471 0.834541 0.232216 0.055890
0 0.625909 0.841542 0.103713 0.038147
0 0.175865 0.835810 0.228552 0.225377
0 0.437363 0.881249 0.142115 0.064417
0 0.449497 0.890434 0.176699 0.097702
6 0.666764 0.854761 0.190283 0.163818
6 0.449165 0.916086 0.181484 0.150251
