5 0.569021 0.082716 0.183980 0.151709
5 0.607900 0.112520 0.364695 0.199594
2 0.559842 0.115809 0.031055 0.022328
1 0.280143 0.124240 0.395022 0.042201
2 0.551031 0.122009 0.049470 0.032274
4 0.505534 0.144120 0.060623 0.021066
4 0.525070 0.142565 0.106933 0.032288
4 0.580667 0.140512 0.026360 0.028935
1 0.488310 0.217891 0.958641 0.362068
1 0.257536 0.186856 0.504612 0.312804
1 0.407653 0.186018 0.791685 0.280706
1 0.256141 0.209221 0.495270 0.187547
6 0.498544 0.493675 0.682874 0.973065
1 0.503809 0.278640 0.990350 0.498428
