0 0.499706 0.100376 0.986118 0.194618
2 0.384103 0.148620 0.141634 0.015680
2 0.640367 0.147292 0.153291 0.017730
2 0.742443 0.169858 0.053059 0.016212
4 0.509499 0.214621 0.083831 0.032368
4 0.308139 0.221368 0.076939 0.034630
4 0.477985 0.222040 0.045705 0.025194
4 0.509958 0.220181 0.112542 0.041388
4 0.546650 0.226018 0.036577 0.018157
4 0.371796 0.244311 0.079531 0.026150
4 0.500639 0.244633 0.197954 0.089258
4 0.501738 0.246214 0.200306 0.096972
4 0.540812 0.237030 0.037491 0.014762
4 0.640284 0.241350 0.072166 0.026208
4 0.498281 0.247380 0.195944 0.092546
