3 0.300556 0.060483 0.262014 0.116073
2 0.342015 0.044463 0.092762 0.055338
2 0.272650 0.051478 0.071385 0.041557
2 0.304967 0.051002 0.167117 0.067956
2 0.232660 0.069647 0.037524 0.023443
2 0.276285 0.059825 0.112080 0.056647
2 0.292347 0.059912 0.238003 0.099817
2 0.205767 0.077243 0.057824 0.062679
2 0.234765 0.078753 0.027636 0.012830
2 0.257107 0.085679 0.048014 0.014574
2 0.246399 0.088190 0.035620 0.017186
2 0.249814 0.089189 0.035309 0.016516
2 0.284526 0.086517 0.152487 0.036620
2 0.216892 0.101516 0.026445 0.019441
2 0.291159 0.090708 0.159459 0.071410
2 0.458881 0.328405 0.107391 0.035943
6 0.503164 0.495730 0.984733 0.988711
