2 0.467732 0.350210 0.115341 0.167321
2 0.391576 0.368200 0.035486 0.112985
2 0.285373 0.370955 0.132615 0.148249
2 0.374196 0.374638 0.329740 0.200312
2 0.373363 0.420810 0.330409 0.126899
4 0.374922 0.584504 0.070008 0.220495
2 0.827576 0.648168 0.021363 0.034483
2 0.851511 0.660744 0.118763 0.066780
2 0.862747 0.649768 0.011173 0.044335
2 0.814861 0.670114 0.060891 0.031801
2 0.888632 0.667918 0.031473 0.026102
2 0.848373 0.675725 0.132688 0.043636
4 0.864829 0.696994 0.016882 0.037416
4 0.902710 0.784511 0.039182 0.062753
