2 0.604159 0.197013 0.023751 0.016409
2 0.608887 0.275385 0.181100 0.190061
2 0.592455 0.313993 0.102561 0.168355
2 0.582080 0.281102 0.021832 0.030527
2 0.585197 0.280396 0.019558 0.026137
2 0.608533 0.283182 0.032193 0.019646
2 0.616428 0.282010 0.026051 0.024907
2 0.600586 0.288019 0.063335 0.042689
2 0.599202 0.291591 0.046835 0.025411
2 0.608220 0.289713 0.037036 0.014878
2 0.608494 0.299357 0.038673 0.018104
0 0.193556 0.336937 0.118645 0.059825
2 0.580746 0.343244 0.063911 0.019077
4 0.570478 0.359271 0.064926 0.030569
