0 0.106486 0.046291 0.211608 0.092091
0 0.542995 0.204232 0.653063 0.388498
2 0.461649 0.153783 0.137495 0.038325
2 0.492435 0.196309 0.247739 0.125966
0 0.527229 0.244339 0.540209 0.321739
4 0.473281 0.211087 0.066733 0.072377
4 0.471854 0.219500 0.092008 0.089642
4 0.495232 0.296861 0.243923 0.259002
2 0.492725 0.258700 0.299637 0.103369
4 0.502156 0.309600 0.106360 0.049072
0 0.129770 0.326140 0.254570 0.171281
4 0.503207 0.325838 0.163777 0.174489
6 0.908637 0.411705 0.178125 0.189855
0 0.855895 0.501013 0.284128 0.366097
2 0.969366 0.552080 0.057511 0.033315
6 0.935126 0.587824 0.131118 0.172289
2 0.098543 0.704017 0.085603 0.044868
0 0.504881 0.711711 0.466115 0.166288
4 0.104331 0.736849 0.166940 0.128960
