0 0.436214 0.085077 0.449516 0.151453
0 0.412623 0.139716 0.525000 0.265365
2 0.437943 0.162809 0.289914 0.018807
3 0.409576 0.222836 0.542283 0.145737
2 0.442695 0.245904 0.338473 0.141857
2 0.321122 0.221960 0.042681 0.017504
2 0.443740 0.229067 0.083268 0.100684
2 0.334111 0.246073 0.083665 0.011957
2 0.336706 0.245317 0.084268 0.015139
2 0.341219 0.256880 0.092309 0.020789
2 0.419041 0.254185 0.256086 0.038934
4 0.393473 0.278466 0.033706 0.013720
2 0.446129 0.290433 0.108947 0.010945
0 0.107361 0.360475 0.207737 0.105600
