2 0.502917 0.038361 0.035640 0.019010
3 0.497815 0.095914 0.155637 0.129739
2 0.467810 0.082154 0.075519 0.065301
2 0.484909 0.108404 0.029704 0.035750
2 0.448524 0.114355 0.012788 0.016896
2 0.482441 0.106577 0.013555 0.011868
2 0.487654 0.117803 0.052671 0.044029
2 0.445553 0.117274 0.016575 0.010955
2 0.484325 0.122394 0.028954 0.011039
2 0.486390 0.119774 0.030454 0.011490
2 0.497718 0.099292 0.147193 0.139410
4 0.493111 0.147903 0.041368 0.017982
4 0.516047 0.155947 0.023267 0.015682
1 0.805160 0.241827 0.395779 0.215912
6 0.397177 0.273946 0.790426 0.552523
6 0.501315 0.329468 0.608099 0.613811
1 0.576142 0.301051 0.789818 0.458242
6 0.408826 0.699012 0.806889 0.622664
