2 0.971221 0.049884 0.053413 0.038733
2 0.988499 0.061876 0.023669 0.015970
2 0.261887 0.079009 0.150602 0.153526
2 0.159548 0.074873 0.314492 0.148120
2 0.935494 0.110728 0.135015 0.213442
4 0.294673 0.176814 0.061461 0.071699
4 0.231209 0.255391 0.110332 0.077208
4 0.295033 0.241540 0.106573 0.055680
2 0.138680 0.247402 0.257260 0.131741
4 0.188596 0.279355 0.361842 0.192367
4 0.074853 0.314769 0.056855 0.039343
2 0.524209 0.312146 0.254270 0.082393
4 0.528434 0.306994 0.058030 0.026739
2 0.538995 0.309243 0.227339 0.078496
2 0.523112 0.320373 0.104377 0.055656
2 0.054566 0.347527 0.105085 0.051172
4 0.166417 0.373676 0.160775 0.063662
4 0.420726 0.381001 0.103265 0.072298
2 0.642336 0.355278 0.051055 0.023151
4 0.401143 0.376759 0.045838 0.036843
0 0.548144 0.423778 0.344499 0.205896
2 0.164027 0.390893 0.142263 0.023248
4 0.676957 0.396875 0.147701 0.081861
6 0.601415 0.443205 0.307168 0.203086
4 0.127430 0.445540 0.247790 0.180435
4 0.589598 0.436842 0.114186 0.089021
0 0.607140 0.440282 0.279990 0.165249
2 0.844767 0.480764 0.058218 0.073188
4 0.129542 0.511931 0.249822 0.268215
4 0.117142 0.510075 0.226232 0.133551
4 0.163851 0.524623 0.321714 0.342783
6 0.665484 0.515480 0.467033 0.381455
4 0.118368 0.569131 0.229140 0.176967
4 0.812025 0.570366 0.380773 0.309085
4 0.890437 0.586836 0.173413 0.172746
4 0.897578 0.594209 0.210045 0.189563
2 0.119959 0.659434 0.050668 0.021769
4 0.932872 0.751122 0.133227 0.190669
2 0.073913 0.768190 0.146008 0.215421
2 0.053991 0.702506 0.106805 0.058418
0 0.646431 0.716677 0.250196 0.118649
0 0.459929 0.810146 0.654897 0.382852
4 0.939651 0.892005 0.124640 0.136099
