2 0.476772 0.143117 0.047375 0.013562
0 0.495650 0.157773 0.134078 0.073592
0 0.499360 0.174145 0.147003 0.104253
2 0.497363 0.180754 0.133271 0.054303
2 0.446531 0.203698 0.054764 0.025695
2 0.499158 0.200775 0.027840 0.015073
4 0.486107 0.225857 0.121524 0.080605
2 0.500678 0.201994 0.021878 0.014651
1 0.541510 0.383484 0.688438 0.746708
1 0.443336 0.196999 0.295215 0.388796
4 0.482444 0.236797 0.060511 0.047514
1 0.348149 0.366850 0.618143 0.731384
1 0.507760 0.380386 0.477838 0.747223
1 0.585404 0.522377 0.367753 0.449447
0 0.107800 0.667888 0.171628 0.130007
