2 0.265875 0.141479 0.050144 0.127409
0 0.359401 0.258536 0.082064 0.078672
0 0.569841 0.200178 0.661111 0.391247
0 0.567455 0.502886 0.659100 0.986912
4 0.359760 0.310624 0.038508 0.073473
2 0.639156 0.305402 0.130637 0.085378
2 0.792190 0.334921 0.022519 0.113399
0 0.294991 0.458058 0.094799 0.319690
2 0.705952 0.331626 0.035994 0.042144
2 0.771315 0.338728 0.059850 0.117166
3 0.298583 0.612992 0.099361 0.642062
0 0.348448 0.595605 0.203052 0.664667
2 0.570118 0.372569 0.022993 0.023514
2 0.772581 0.339510 0.054376 0.112043
0 0.667407 0.400900 0.462877 0.473551
0 0.564579 0.490949 0.664318 0.901133
2 0.785849 0.338519 0.035617 0.117658
1 0.390245 0.519846 0.092652 0.244367
4 0.805783 0.449090 0.187427 0.132185
1 0.414934 0.520983 0.045825 0.234281
1 0.420852 0.545200 0.051476 0.182570
0 0.349040 0.457556 0.204478 0.370191
2 0.535369 0.569062 0.023549 0.038057
4 0.664129 0.580129 0.441801 0.670066
0 0.273959 0.562498 0.070301 0.705145
4 0.856299 0.735188 0.075170 0.231069
0 0.655508 0.589675 0.485645 0.815009
0 0.570974 0.507900 0.659928 0.979630
0 0.579764 0.598246 0.643774 0.803335
