0 0.133671 0.074433 0.124138 0.069654
0 0.135257 0.103070 0.137408 0.123764
3 0.131326 0.124072 0.109183 0.070915
0 0.589545 0.140007 0.768799 0.277070
3 0.132430 0.134576 0.122029 0.112370
0 0.499563 0.259274 0.944511 0.523778
1 0.469270 0.300955 0.907302 0.574585
4 0.131784 0.153918 0.067391 0.053171
2 0.460088 0.166884 0.023567 0.046741
0 0.132341 0.124533 0.158493 0.161430
2 0.752050 0.204060 0.033676 0.063492
2 0.398184 0.248212 0.035539 0.019358
4 0.418156 0.260931 0.098980 0.154717
2 0.572106 0.251415 0.020136 0.016780
2 0.621637 0.239417 0.055843 0.042700
2 0.627804 0.242766 0.048091 0.045800
4 0.629293 0.345154 0.346417 0.268400
2 0.564896 0.272963 0.018998 0.019112
2 0.713230 0.288348 0.021422 0.037675
2 0.714255 0.287321 0.040156 0.046311
4 0.425688 0.272080 0.183743 0.199745
4 0.601835 0.390006 0.195365 0.154138
4 0.663789 0.293835 0.302480 0.169168
4 0.657031 0.339821 0.018460 0.010368
4 0.736421 0.325550 0.159315 0.074820
4 0.743260 0.330550 0.140737 0.061208
4 0.757827 0.333863 0.115906 0.051281
1 0.527235 0.368892 0.399630 0.365872
1 0.522142 0.422017 0.399720 0.481760
0 0.518220 0.498877 0.947797 0.986560
