0 0.493267 0.267573 0.823227 0.461151
0 0.530497 0.160878 0.447053 0.219701
4 0.272769 0.159886 0.118815 0.146885
2 0.499756 0.208541 0.307510 0.118331
0 0.530777 0.261169 0.505453 0.420667
2 0.512765 0.242608 0.084202 0.058326
2 0.511791 0.265685 0.128539 0.075143
0 0.218680 0.354364 0.272281 0.320251
4 0.366971 0.296881 0.166080 0.085319
2 0.460785 0.270316 0.251038 0.086862
4 0.474390 0.291950 0.386473 0.373503
0 0.101227 0.456671 0.199989 0.379726
0 0.089693 0.443399 0.180051 0.137118
0 0.466324 0.418212 0.779060 0.425934
2 0.084226 0.484800 0.066181 0.087146
2 0.082517 0.485491 0.071571 0.024321
0 0.089104 0.499477 0.173414 0.218852
6 0.468299 0.520121 0.926118 0.949553
0 0.127693 0.546991 0.249209 0.357490
