2 0.490713 0.122373 0.231119 0.167628
2 0.701387 0.215234 0.183684 0.312397
2 0.593047 0.233419 0.159170 0.328862
2 0.698559 0.223123 0.132465 0.082309
2 0.692030 0.239445 0.081015 0.082565
2 0.464527 0.288698 0.156225 0.289172
2 0.704842 0.280660 0.179101 0.226229
2 0.718664 0.248497 0.148337 0.113962
0 0.484489 0.316288 0.926596 0.626576
2 0.534250 0.248123 0.317974 0.382592
2 0.721676 0.317561 0.134238 0.073505
2 0.705242 0.327106 0.167746 0.124572
0 0.595504 0.315919 0.621508 0.614868
2 0.725297 0.355507 0.111368 0.068300
0 0.479886 0.355592 0.950502 0.700402
1 0.198104 0.378184 0.381197 0.695427
1 0.475548 0.505716 0.944952 0.973533
1 0.341250 0.507443 0.726578 0.972932
2 0.577319 0.459597 0.214693 0.067702
4 0.716593 0.453842 0.036718 0.044412
4 0.687331 0.468221 0.091962 0.077558
4 0.593950 0.466503 0.263143 0.096537
4 0.584639 0.494515 0.345994 0.211788
4 0.564265 0.549635 0.035195 0.075057
4 0.533301 0.679292 0.048206 0.048125
1 0.232271 0.524852 0.433541 0.937233
