5 0.611599 0.128932 0.471718 0.253925
0 0.584179 0.101404 0.268385 0.201296
0 0.608501 0.144637 0.383961 0.284539
0 0.601530 0.279272 0.600418 0.553870
4 0.537234 0.201417 0.025954 0.017482
4 0.572974 0.358666 0.241581 0.179268
4 0.605204 0.327795 0.082277 0.059164
4 0.599750 0.323884 0.165558 0.099150
2 0.557633 0.360393 0.034492 0.031054
2 0.622831 0.367489 0.144620 0.062789
2 0.554556 0.372759 0.039253 0.018360
6 0.503928 0.502165 0.978458 0.989029
2 0.494040 0.466758 0.100016 0.041523
4 0.631610 0.491800 0.023481 0.024187
4 0.578957 0.427268 0.364128 0.346595
4 0.474609 0.549110 0.089338 0.056467
