2 0.691949 0.123972 0.265452 0.245843
0 0.133355 0.087024 0.133146 0.093693
2 0.133165 0.143025 0.236468 0.260818
3 0.132237 0.123409 0.108872 0.068665
0 0.133761 0.108707 0.148460 0.136219
2 0.692803 0.172047 0.140433 0.204399
3 0.134131 0.131128 0.125620 0.122603
2 0.705258 0.140255 0.031869 0.039527
2 0.709340 0.142672 0.014001 0.017883
2 0.730462 0.149852 0.034854 0.019583
4 0.132155 0.154943 0.066112 0.051647
2 0.696288 0.158173 0.022698 0.026053
2 0.714808 0.148126 0.059034 0.051434
2 0.724115 0.153636 0.046600 0.021946
0 0.133038 0.122661 0.168057 0.171111
2 0.726427 0.167859 0.045458 0.019688
4 0.673839 0.189537 0.014302 0.045401
2 0.685241 0.210771 0.098082 0.022420
4 0.695234 0.229414 0.115997 0.044686
4 0.728078 0.239390 0.055743 0.032889
4 0.728041 0.240549 0.056366 0.032992
1 0.440423 0.739818 0.819122 0.370646
1 0.437238 0.778697 0.800339 0.444534
1 0.253233 0.778097 0.432761 0.438741
