4 0.477574 0.066061 0.193806 0.085695
2 0.460357 0.047365 0.053902 0.012636
2 0.491852 0.055842 0.373010 0.099488
2 0.480282 0.052928 0.132946 0.020826
4 0.451840 0.082152 0.093100 0.010854
4 0.438797 0.098606 0.022428 0.020529
2 0.501364 0.097771 0.180204 0.035694
4 0.456563 0.106865 0.075547 0.010743
4 0.455979 0.103844 0.083167 0.023883
6 0.504940 0.465992 0.949576 0.974485
2 0.691111 0.517601 0.256928 0.046598
2 0.671716 0.527968 0.213599 0.027103
3 0.638596 0.587430 0.720918 0.205997
4 0.558338 0.587798 0.054706 0.016236
