0 0.475075 0.185889 0.527539 0.350639
4 0.399179 0.046081 0.056323 0.088660
4 0.417584 0.052927 0.103518 0.106069
0 0.521897 0.141529 0.249254 0.278407
0 0.205411 0.152258 0.077364 0.056678
4 0.556768 0.098192 0.076681 0.126425
4 0.565665 0.113601 0.133188 0.218567
4 0.204362 0.196322 0.050242 0.061700
4 0.534159 0.254059 0.077161 0.173452
0 0.534716 0.354991 0.653730 0.708058
4 0.503032 0.324005 0.127224 0.185343
2 0.466496 0.373644 0.037061 0.065284
4 0.657109 0.252110 0.319008 0.500285
4 0.335625 0.488052 0.279405 0.228718
4 0.438783 0.485768 0.418375 0.377978
4 0.620569 0.519738 0.022765 0.106987
4 0.689207 0.562996 0.091963 0.225006
4 0.329861 0.537464 0.272420 0.112747
4 0.333377 0.547881 0.271194 0.101704
4 0.447201 0.555498 0.057625 0.069662
2 0.563972 0.581000 0.071834 0.032808
4 0.476231 0.598155 0.498002 0.779736
2 0.601693 0.654769 0.052707 0.096674
4 0.453229 0.773457 0.323682 0.259689
0 0.515949 0.502296 0.705788 0.990631
