5 0.592771 0.142973 0.783375 0.278442
1 0.501273 0.183080 0.958768 0.358208
5 0.485052 0.137350 0.493513 0.259670
2 0.487298 0.168950 0.129576 0.039289
0 0.489673 0.196487 0.332964 0.153327
1 0.802804 0.159317 0.357009 0.262025
2 0.487816 0.191123 0.108419 0.023520
2 0.490446 0.199212 0.111809 0.024411
4 0.492069 0.212841 0.040054 0.029194
4 0.489812 0.212094 0.145171 0.098572
1 0.580136 0.304360 0.785191 0.550046
1 0.507429 0.441831 0.959884 0.861768
1 0.265633 0.471369 0.509892 0.798294
1 0.484359 0.444405 0.963410 0.778939
1 0.505155 0.494035 0.974176 0.978974
6 0.513669 0.544046 0.755570 0.892299
1 0.351344 0.568236 0.620328 0.620958
1 0.196312 0.745686 0.280556 0.262382
