0 0.365757 0.259333 0.734855 0.523879
0 0.345896 0.093772 0.690622 0.182329
0 0.354597 0.165074 0.704138 0.324605
2 0.518359 0.206645 0.398782 0.164462
0 0.466571 0.307646 0.669531 0.511249
0 0.466120 0.287365 0.611398 0.325219
2 0.530195 0.258912 0.282938 0.138518
2 0.285394 0.300425 0.067706 0.114604
2 0.587230 0.282236 0.395337 0.206566
2 0.317485 0.326666 0.113200 0.134975
2 0.469133 0.339301 0.249764 0.164741
2 0.150868 0.357292 0.152320 0.111758
2 0.232782 0.351428 0.043396 0.157601
2 0.281807 0.367086 0.076180 0.052906
5 0.909494 0.404772 0.180361 0.328140
4 0.639064 0.388123 0.107842 0.031945
4 0.371633 0.429175 0.055132 0.055539
4 0.299065 0.469544 0.077289 0.049031
4 0.418681 0.521931 0.277408 0.121995
6 0.504505 0.533358 0.990407 0.930736
