0 0.436453 0.271140 0.697183 0.545351
6 0.266021 0.164618 0.117635 0.325061
6 0.665205 0.198513 0.126832 0.162542
6 0.381844 0.251650 0.102143 0.209140
6 0.478572 0.285758 0.120439 0.156526
1 0.451088 0.331622 0.677126 0.315609
4 0.469380 0.481461 0.048405 0.067087
2 0.441561 0.519759 0.022711 0.048013
4 0.458692 0.518963 0.045387 0.113979
2 0.392179 0.568295 0.040454 0.069443
2 0.396207 0.554590 0.033858 0.039810
0 0.414762 0.615480 0.196356 0.366882
4 0.367897 0.716571 0.067830 0.134371
0 0.535615 0.707712 0.445510 0.573906
0 0.502575 0.498604 0.980708 0.988849
4 0.569275 0.772304 0.070413 0.210390
0 0.734574 0.853872 0.070558 0.043859
0 0.738274 0.870504 0.069774 0.114713
4 0.736707 0.894865 0.047573 0.061201
