0 0.429318 0.063776 0.571155 0.109899
2 0.471194 0.069057 0.130325 0.020504
2 0.475002 0.073791 0.121500 0.026721
2 0.518559 0.074965 0.026939 0.015267
0 0.403474 0.129976 0.638173 0.239718
2 0.417869 0.084120 0.035112 0.013194
2 0.431148 0.088398 0.047118 0.017546
2 0.466905 0.087209 0.132732 0.023369
4 0.462213 0.120530 0.124243 0.020616
4 0.447499 0.111665 0.212390 0.092710
4 0.489577 0.144362 0.041283 0.013963
4 0.516341 0.151172 0.070865 0.027783
4 0.461551 0.177030 0.079070 0.029980
6 0.471673 0.438093 0.842159 0.935454
