4 0.410221 0.025977 0.052207 0.040756
2 0.455958 0.074421 0.218363 0.095529
0 0.476139 0.145447 0.320957 0.266605
2 0.524816 0.134544 0.032543 0.028432
2 0.529718 0.130416 0.034523 0.026024
2 0.420227 0.150220 0.032139 0.017141
2 0.435769 0.154554 0.061229 0.026495
2 0.443322 0.149184 0.071239 0.043020
2 0.502653 0.147652 0.040947 0.032202
2 0.429539 0.151128 0.048799 0.019528
4 0.502365 0.158623 0.048430 0.052733
5 0.409856 0.232010 0.568112 0.439162
2 0.437661 0.166678 0.059703 0.045969
2 0.477170 0.162403 0.132660 0.049779
2 0.523417 0.151373 0.044057 0.050614
4 0.480200 0.188035 0.195114 0.159354
4 0.505004 0.226293 0.137458 0.080654
1 0.536362 0.296858 0.826186 0.562137
1 0.868050 0.313308 0.069408 0.123205
1 0.950337 0.307868 0.095835 0.145045
1 0.951543 0.321459 0.091959 0.112483
1 0.497217 0.503460 0.989804 0.983311
