0 0.486413 0.056452 0.310397 0.108589
4 0.486100 0.139859 0.270353 0.146398
2 0.425016 0.093276 0.060354 0.027409
2 0.488434 0.101172 0.020612 0.016635
2 0.539299 0.093277 0.065381 0.023685
2 0.542871 0.112761 0.058546 0.026745
0 0.485598 0.114023 0.349671 0.222352
2 0.481015 0.115367 0.204459 0.033580
2 0.397687 0.137800 0.036024 0.010627
4 0.457991 0.131882 0.042852 0.028895
4 0.501043 0.137763 0.025449 0.013543
2 0.569861 0.133312 0.031860 0.009669
4 0.484246 0.180047 0.211121 0.033049
6 0.500946 0.498908 1.002582 0.987553
