0 0.851105 0.078113 0.227866 0.153499
2 0.650156 0.103068 0.159886 0.041720
4 0.549839 0.138199 0.090277 0.064734
0 0.631990 0.149251 0.306043 0.130818
2 0.596874 0.140309 0.055070 0.017358
2 0.610257 0.151949 0.143703 0.035034
2 0.588189 0.167061 0.047497 0.015999
0 0.622935 0.222648 0.325507 0.280611
0 0.713068 0.114366 0.488417 0.208684
4 0.601812 0.210995 0.148287 0.053075
0 0.626660 0.256250 0.605516 0.469374
0 0.090993 0.331428 0.178540 0.158974
0 0.156783 0.877217 0.283991 0.246839
0 0.153709 0.911111 0.284428 0.174506
