2 0.512922 0.111039 0.099715 0.197535
0 0.497364 0.227619 0.982462 0.455017
2 0.345243 0.289189 0.118130 0.068924
0 0.492698 0.394128 0.984478 0.795803
2 0.684492 0.306951 0.168253 0.080542
2 0.294277 0.325561 0.226536 0.142364
2 0.373025 0.313742 0.180034 0.115541
2 0.558483 0.347484 0.071102 0.026424
2 0.574228 0.345510 0.084345 0.029164
2 0.245869 0.379754 0.024376 0.017098
4 0.517093 0.607246 0.724573 0.729934
4 0.429571 0.519809 0.039458 0.065263
4 0.587814 0.514080 0.031034 0.057782
4 0.505383 0.561259 0.188508 0.177338
0 0.502922 0.496045 0.987615 0.989646
4 0.516120 0.959308 0.137470 0.080843
