2 0.469627 0.228017 0.029261 0.025416
2 0.517062 0.240204 0.035213 0.015815
2 0.498237 0.246595 0.118337 0.026441
4 0.477024 0.259625 0.012838 0.013281
4 0.488045 0.265850 0.037179 0.036488
4 0.487504 0.266049 0.025539 0.033131
4 0.497587 0.267535 0.153020 0.113783
0 0.488006 0.350951 0.402988 0.370911
6 0.398382 0.399396 0.799430 0.484924
2 0.822226 0.497391 0.159005 0.086960
2 0.805460 0.532749 0.183675 0.077524
3 0.362226 0.684177 0.708082 0.410048
2 0.870797 0.656178 0.023556 0.009106
2 0.812693 0.747856 0.202951 0.247641
1 0.849351 0.797948 0.285732 0.404026
1 0.048931 0.859247 0.097610 0.277043
4 0.175585 0.886611 0.036419 0.024697
1 0.394183 0.723835 0.795050 0.569730
