0 0.406217 0.108740 0.169125 0.195628
1 0.686167 0.180299 0.346251 0.355137
0 0.637697 0.167552 0.121670 0.163598
0 0.210197 0.270669 0.296108 0.263792
0 0.757195 0.173790 0.158059 0.160963
2 0.418021 0.152321 0.134664 0.099012
2 0.411388 0.162321 0.075007 0.067077
4 0.416003 0.184934 0.095368 0.137170
4 0.643808 0.170667 0.100441 0.148738
4 0.431905 0.201168 0.028994 0.029741
2 0.733760 0.204220 0.086333 0.054164
2 0.739338 0.202314 0.032736 0.030522
0 0.171565 0.266636 0.113147 0.253392
2 0.731944 0.204091 0.030869 0.027806
2 0.741651 0.208661 0.028492 0.020270
0 0.268174 0.293277 0.192627 0.174963
4 0.754294 0.212161 0.159086 0.246980
0 0.144126 0.298752 0.174052 0.316311
0 0.269635 0.333456 0.195474 0.250042
4 0.329449 0.250881 0.054759 0.113070
1 0.813346 0.244022 0.359537 0.335035
2 0.229003 0.298687 0.028456 0.027134
1 0.777796 0.289111 0.256642 0.173228
1 0.762331 0.278266 0.479942 0.507841
4 0.105671 0.325837 0.083633 0.082929
3 0.509071 0.409836 0.277495 0.373741
2 0.259066 0.357543 0.128832 0.068806
2 0.515926 0.366175 0.148235 0.130439
4 0.106912 0.377718 0.094739 0.186676
2 0.223811 0.380230 0.028214 0.028521
0 0.221187 0.312046 0.304145 0.354682
2 0.463762 0.410264 0.046668 0.046414
2 0.467007 0.388002 0.044389 0.044703
4 0.513225 0.466700 0.186009 0.325901
2 0.479253 0.405793 0.049852 0.045263
4 0.254189 0.398855 0.127754 0.163143
2 0.462270 0.442971 0.057828 0.079080
2 0.509631 0.452551 0.152776 0.091506
2 0.563414 0.457463 0.052515 0.077636
4 0.513999 0.488423 0.022751 0.049532
4 0.522012 0.494846 0.022940 0.036181
4 0.521610 0.495584 0.024331 0.039855
2 0.508890 0.446925 0.153217 0.166471
4 0.565948 0.510320 0.034263 0.024308
1 0.102695 0.638637 0.177429 0.730274
0 0.845902 0.606860 0.150730 0.147622
4 0.504892 0.546239 0.141961 0.103179
4 0.337536 0.654819 0.047738 0.142354
3 0.839429 0.688275 0.132630 0.147686
2 0.828559 0.636540 0.031362 0.025195
2 0.831016 0.634303 0.027744 0.025554
4 0.929350 0.740983 0.094048 0.051610
0 0.106747 0.757774 0.210913 0.346556
1 0.503478 0.501502 0.982144 1.000006
2 0.116963 0.852887 0.028295 0.029932
2 0.116333 0.854021 0.029434 0.035836
0 0.629809 0.868510 0.057486 0.048406
1 0.839359 0.867068 0.306074 0.266727
4 0.627502 0.910846 0.063510 0.151670
1 0.903979 0.872596 0.178688 0.251211
