3 0.394505 0.160738 0.140714 0.188697
3 0.463216 0.198203 0.495380 0.272504
3 0.342804 0.196326 0.244243 0.263430
2 0.497841 0.144984 0.136689 0.062740
3 0.632036 0.169682 0.152047 0.130262
0 0.553495 0.182089 0.268188 0.141614
2 0.510772 0.178742 0.170431 0.132953
3 0.298537 0.220470 0.136330 0.217169
2 0.474310 0.198054 0.028956 0.018402
2 0.530901 0.195571 0.029661 0.019196
4 0.499934 0.208755 0.103649 0.045292
4 0.499670 0.252208 0.135248 0.151365
4 0.501332 0.263076 0.066342 0.025894
1 0.439484 0.293540 0.796859 0.105186
4 0.501463 0.289792 0.063576 0.038802
1 0.545129 0.284662 0.775872 0.505402
1 0.542818 0.299820 0.836774 0.562445
1 0.482390 0.545605 0.867683 0.646481
1 0.501657 0.480755 0.973653 0.967427
1 0.346073 0.701703 0.481662 0.443525
1 0.506929 0.651686 0.991055 0.633498
1 0.498079 0.524780 0.984374 0.574639
1 0.515564 0.548024 0.948600 0.899065
1 0.482106 0.762252 0.925497 0.486236
1 0.416928 0.784236 0.331629 0.323709
1 0.897946 0.884917 0.193686 0.229642
