1 0.504770 0.255918 0.964470 0.502026
3 0.172248 0.178138 0.311292 0.333915
4 0.059639 0.151282 0.084748 0.080018
2 0.246497 0.161126 0.076446 0.031584
2 0.248147 0.163952 0.078240 0.034998
3 0.185270 0.223960 0.291381 0.242635
4 0.201997 0.281446 0.148535 0.187044
2 0.197355 0.243452 0.037026 0.034105
2 0.201744 0.252484 0.038611 0.022288
2 0.169140 0.254671 0.031612 0.033984
2 0.201866 0.252574 0.044868 0.025755
2 0.187682 0.253505 0.072236 0.047513
2 0.109050 0.299431 0.075433 0.063496
4 0.167832 0.315355 0.024339 0.016576
4 0.189322 0.330035 0.058531 0.033558
4 0.118272 0.360351 0.046736 0.039755
1 0.648695 0.463767 0.699694 0.769586
1 0.516528 0.320645 0.948226 0.562184
1 0.501564 0.503923 0.968932 0.978271
1 0.520188 0.541893 0.866150 0.870678
3 0.165916 0.627182 0.301590 0.263411
3 0.237040 0.671621 0.458022 0.362558
3 0.239284 0.743618 0.473522 0.514778
