2 0.301416 0.096205 0.100870 0.137741
3 0.374619 0.207420 0.324372 0.362320
2 0.432310 0.173967 0.056717 0.034655
2 0.512177 0.180683 0.044732 0.021379
2 0.409255 0.273915 0.123234 0.145856
2 0.407496 0.223709 0.059757 0.038250
2 0.310915 0.273520 0.035069 0.023500
2 0.310794 0.278778 0.036261 0.031996
2 0.326277 0.318378 0.056985 0.026537
2 0.330865 0.320219 0.061471 0.023331
2 0.329699 0.332163 0.053312 0.029325
4 0.386030 0.366148 0.042371 0.065178
4 0.390001 0.367446 0.029147 0.053610
4 0.393097 0.368646 0.037189 0.058751
2 0.403444 0.400895 0.122328 0.028475
4 0.443750 0.397423 0.043332 0.020503
