2 0.222225 0.042751 0.040829 0.035414
2 0.301897 0.049683 0.141517 0.069661
0 0.354145 0.085302 0.322976 0.143468
2 0.296870 0.122207 0.131272 0.042976
2 0.303887 0.125735 0.037083 0.025587
2 0.324560 0.119513 0.025261 0.021665
3 0.324332 0.103668 0.216864 0.173770
4 0.294368 0.138293 0.131030 0.100757
4 0.265383 0.153910 0.059160 0.028591
4 0.265373 0.158257 0.043939 0.019952
4 0.297008 0.209183 0.038495 0.026234
1 0.494139 0.275978 0.959217 0.518176
1 0.502365 0.355367 0.926515 0.329943
1 0.254659 0.383070 0.427706 0.223174
6 0.487354 0.493171 0.944986 0.959768
