0 0.418452 0.165959 0.816691 0.329176
0 0.508596 0.288828 0.984718 0.572494
0 0.502606 0.339490 0.984760 0.656616
2 0.602776 0.356720 0.806462 0.236517
2 0.679753 0.368437 0.348904 0.111636
2 0.599080 0.369953 0.172746 0.069999
2 0.566317 0.384768 0.106597 0.035635
2 0.763764 0.385027 0.153534 0.071724
6 0.507441 0.502211 0.994796 0.988422
2 0.592262 0.407779 0.112179 0.048127
4 0.687502 0.410406 0.302927 0.123103
4 0.696026 0.477225 0.464109 0.320125
4 0.797088 0.440846 0.087945 0.031686
6 0.548898 0.616015 0.899665 0.758574
4 0.596301 0.453689 0.102280 0.043352
4 0.691489 0.532518 0.212644 0.145584
4 0.396320 0.503031 0.204382 0.152077
4 0.533527 0.557908 0.032316 0.028235
0 0.590338 0.443570 0.825672 0.397908
4 0.462314 0.602352 0.311210 0.081071
4 0.705419 0.677420 0.307003 0.099798
